0.05 0.0
0.15000000000000002 0.0
0.25 0.0
0.35000000000000003 0.0
0.45 0.0
0.55 0.0
0.65 0.0
0.75 0.0
0.8500000000000001 0.0
0.9500000000000001 0.0
1.05 0.0
1.1500000000000001 0.0
1.25 0.0
1.35 0.0
1.4500000000000002 0.0
1.55 0.0
1.6500000000000001 0.0
1.75 0.0
1.85 0.0
1.9500000000000002 0.0
2.0500000000000003 0.0
2.15 0.0
2.25 0.0006305306856744172
2.35 0.012988794199594537
2.45 0.07007263874410198
2.5500000000000003 0.1751758449050312
2.6500000000000004 0.2815951862690918
2.75 0.3544792879254951
2.85 0.3990078199583367
2.95 0.4101252251760107
3.0500000000000003 0.41174425406390786
3.1500000000000004 0.41266232758983945
3.25 0.40582555612746274
3.35 0.4050368948885258
3.45 0.4023920717831065
3.5500000000000003 0.4026046589820805
3.6500000000000004 0.403213462753721
3.75 0.40447880456311225
3.85 0.4164726784935041
3.95 0.41451815211080134
4.05 0.4253078029378212
4.15 0.4343853629910088
4.25 0.4461377257832547
4.3500000000000005 0.46091990808155225
4.45 0.47324951706967416
4.55 0.4908508402748638
4.65 0.5071258004943279
4.75 0.5268510104221152
4.8500000000000005 0.5536032345831777
4.95 0.5752909204287067
5.050000000000001 0.5964616882395367
5.15 0.6230222388119876
5.25 0.6453563661247234
5.3500000000000005 0.6698018886622713
5.45 0.6924586930650853
5.550000000000001 0.7165964323787327
5.65 0.7390936310140003
5.75 0.7488202798432859
5.8500000000000005 0.7529421367884711
5.95 0.7536541220019359
6.050000000000001 0.7493915716199931
6.15 0.7471093313765731
6.25 0.7447613638282499
6.3500000000000005 0.7479072297858095
6.45 0.7588660517361522
6.550000000000001 0.770193827177668
6.65 0.794169371299972
6.75 0.8343773456462809
6.8500000000000005 0.8909675678298872
6.95 0.9620338290875511
7.050000000000001 1.021160788256345
7.15 1.0587290303221688
7.25 1.074804826208504
7.3500000000000005 1.0677559555709177
7.45 1.0546599471308609
7.550000000000001 1.0396088562628507
7.65 1.030094676679628
7.75 1.0246383176291003
7.8500000000000005 1.0241360164068802
7.95 1.0237398211181914
8.05 1.0233176137288003
8.15 1.0181662821151243
8.25 1.012496444686758
8.35 1.0083531260057566
8.450000000000001 1.0045565358656046
8.55 1.003768321294233
8.65 1.0034712147252574
8.75 1.00295773550705
8.85 1.0026242725464771
8.950000000000001 1.000964657297844
9.05 1.0020903285417615
9.15 1.00220365313998
9.25 0.9977347886824601
9.35 0.998830743328221
9.450000000000001 1.0015768052880087
9.55 1.0008758158864848
9.65 0.9998337577595927
9.75 1.0019428048329422
9.850000000000001 1.0037167380355998
9.950000000000001 1.0033720043569194
10.05 1.0063014938740968
10.15 1.0036139677973073
10.25 1.0062086413156186
10.350000000000001 1.0056576593124358
10.450000000000001 1.0044222297426617
10.55 1.0041887510296874
10.65 1.004747820540917
10.75 1.0043587067927597
10.850000000000001 1.0049905873159308
10.950000000000001 1.006407589029439
11.05 1.006187545800177
11.15 1.0075209169389094
11.25 1.0075397857733577
11.350000000000001 1.0072974588564392
11.450000000000001 1.0049770799733786
11.55 1.0086935211740138
11.65 1.007613183321535
11.75 1.0083455714203562
11.850000000000001 1.0068583890113854
11.950000000000001 1.0052653053286944
12.05 1.0057788615467158
12.15 1.0040712163099559
12.25 1.0043510764497987
12.350000000000001 1.0030585499283902
12.450000000000001 1.0023326748397556
12.55 1.0051107168185363
12.65 1.0034431210776424
12.75 1.003239019393947
12.850000000000001 1.0032652857826518
12.950000000000001 1.004208412386932
13.05 1.0041626766513159
13.15 1.003297269814095
13.25 1.0050953533474525
13.350000000000001 1.0052977684993443
13.450000000000001 1.0039181477052348
13.55 1.0031774595424494
13.65 1.0055158012915073
13.75 1.0057122158365908
13.850000000000001 1.003582524679024
13.950000000000001 1.0047865739974353
14.05 1.0057657640782238
14.15 1.0056259963698484
14.25 1.0057177116070435
14.350000000000001 1.005312087552674
14.450000000000001 1.0042688195839542
14.55 1.0045978634497428
14.65 1.0044354465779088
14.75 1.0052487458085282
14.850000000000001 1.0046735046402815
14.950000000000001 1.0040803382041568
15.05 1.0046589638918628

