0.05 0.0
0.15000000000000002 0.0
0.25 0.0
0.35000000000000003 0.0
0.45 0.0
0.55 0.0
0.65 0.0
0.75 0.0
0.8500000000000001 0.0
0.9500000000000001 0.0
1.05 0.0
1.1500000000000001 0.0
1.25 0.0
1.35 0.0
1.4500000000000002 0.0
1.55 0.0
1.6500000000000001 0.00017289325334580237
1.75 0.0005211457767174706
1.85 0.0022463213202994835
1.9500000000000002 0.006075903664566589
2.0500000000000003 0.014917603637545029
2.15 0.029166805477112256
2.25 0.05205443927925962
2.35 0.08351535455247137
2.45 0.1271677519938572
2.5500000000000003 0.17164569142152517
2.6500000000000004 0.2199089107807552
2.75 0.26530827413776925
2.85 0.30726001748381393
2.95 0.3373249127727729
3.0500000000000003 0.36110426085347797
3.1500000000000004 0.37950881899193983
3.25 0.39694426144737055
3.35 0.405674729357984
3.45 0.41874848012538096
3.5500000000000003 0.42271308786718387
3.6500000000000004 0.4310923238246668
3.75 0.43303975477530704
3.85 0.43950878594554166
3.95 0.4456212778654036
4.05 0.4559402278338734
4.15 0.46966209576097007
4.25 0.48404882743561595
4.3500000000000005 0.4993744933885109
4.45 0.5163874463381914
4.55 0.5370735958218317
4.65 0.560238947957953
4.75 0.5827449217408077
4.8500000000000005 0.6039177246061923
4.95 0.6229522824522522
5.050000000000001 0.6408384210685663
5.15 0.6566285453159495
5.25 0.670525346533912
5.3500000000000005 0.6823847009158746
5.45 0.6925927164083484
5.550000000000001 0.7051311855746786
5.65 0.7171057952210901
5.75 0.733835987082489
5.8500000000000005 0.7524057747919661
5.95 0.7813696901660456
6.050000000000001 0.8161469825099739
6.15 0.8489930757925674
6.25 0.872415265729537
6.3500000000000005 0.8845657198294296
6.45 0.8925936157886677
6.550000000000001 0.8921455326097416
6.65 0.8948231978505236
6.75 0.9010326824776472
6.8500000000000005 0.9099430968590537
6.95 0.9276139271759991
7.050000000000001 0.9494227623749435
7.15 0.9690022983997788
7.25 0.988579879565868
7.3500000000000005 1.0014179351410655
7.45 1.0103572275154282
7.550000000000001 1.0174108707742928
7.65 1.0208694461764778
7.75 1.0218874311045774
7.8500000000000005 1.0217569192083213
7.95 1.0174789026624926
8.05 1.0129321894795897
8.15 1.0134281722231449
8.25 1.0111845302193314
8.35 1.0106309041821038
8.450000000000001 1.0117739959157683
8.55 1.0132945890284208
8.65 1.0122164963167994
8.75 1.0112911187490612
8.85 1.0135014099419348
8.950000000000001 1.0122718793023826
9.05 1.0093032850341697
9.15 1.0057947513872043
9.25 1.0035246499528274
9.35 0.9999793296885416
9.450000000000001 0.9980414017388036
9.55 0.9973087980410336
9.65 0.9982264443930541
9.75 0.9981117229885821
9.850000000000001 0.9985395916061329
9.950000000000001 0.9993751748781584
10.05 1.0033746873853846
10.15 1.0026879179193064
10.25 1.0027253739021729
10.350000000000001 1.0029595146886372
10.450000000000001 1.004334688831874
10.55 1.0064107335737493
10.65 1.0066510910630768
10.75 1.0053430281160094
10.850000000000001 1.0058442723030867
10.950000000000001 1.0067999614553471
11.05 1.0067371713182058
11.15 1.0067011826104268
11.25 1.0068764965094845
11.350000000000001 1.00559676343323
11.450000000000001 1.004858193873005
11.55 1.0062188646679575
11.65 1.00570895684773
11.75 1.006444101507218
11.850000000000001 1.00620378174997
11.950000000000001 1.0025690304385044
12.05 1.0042410111444249
12.15 1.0047577177842189
12.25 1.005005588472892
12.350000000000001 1.0045254196217384
12.450000000000001 1.0043541016632356
12.55 1.0049832334207194
12.65 1.004053967554798
12.75 1.0036545426024117
12.850000000000001 1.0037752202245231
12.950000000000001 1.0037314592785673
13.05 1.0036068259142044
13.15 1.002904244904902
13.25 1.003552619730718
13.350000000000001 1.00406165005897
13.450000000000001 1.0033361589376635
13.55 1.0038987462479008
13.65 1.0047387304409614
13.75 1.0041281287736037
13.850000000000001 1.00457479425279
13.950000000000001 1.0049573672566923
14.05 1.0043224026523534
14.15 1.004365150035117
14.25 1.0045365840326335
14.350000000000001 1.0045858662410023
14.450000000000001 1.0044610200856707
14.55 1.0053055893559264
14.65 1.004092243987983
14.75 1.0038974858066596
14.850000000000001 1.0046996277621012
14.950000000000001 1.0038965588731965
15.05 1.0041175581420014

