0.05 0.0 
0.15000000000000002 0.0 
0.25 0.0 
0.35000000000000003 0.0 
0.45 0.0 
0.55 0.0 
0.65 0.0 
0.75 0.0 
0.8500000000000001 0.0 
0.9500000000000001 0.0 
1.05 0.0 
1.1500000000000001 0.0 
1.25 0.0 
1.35 0.0 
1.4500000000000002 0.0 
1.55 0.0 
1.6500000000000001 0.0 
1.75 0.0 
1.85 0.0 
1.9500000000000002 0.0 
2.0500000000000003 0.0 
2.15 0.0 
2.25 9.337138743362432e-5 
2.35 0.006025352704855621 
2.45 0.05538976916575377 
2.5500000000000003 0.20452640424699234 
2.6500000000000004 0.42839096462436016 
2.75 0.6379027312416157 
2.85 0.7684642100432562 
2.95 0.8149836372521624 
3.0500000000000003 0.8113083697865696 
3.1500000000000004 0.7754226909819585 
3.25 0.7258748761652831 
3.35 0.6816450547739025 
3.45 0.6328855348657155 
3.5500000000000003 0.6016067523590297 
3.6500000000000004 0.5715045305882313 
3.75 0.5517126263409043 
3.85 0.5371935118789994 
3.95 0.5251577528151183 
4.05 0.5172516494919314 
4.15 0.5174313979449018 
4.25 0.5169382810096951 
4.3500000000000005 0.5251654369307862 
4.45 0.5385140780128166 
4.55 0.5568796554411698 
4.65 0.5799940173825838 
4.75 0.6107518582771053 
4.8500000000000005 0.6404582321062244 
4.95 0.6802510349619557 
5.050000000000001 0.7136041435966359 
5.15 0.7499128612148478 
5.25 0.7820949671173824 
5.3500000000000005 0.8102382347982501 
5.45 0.833481869422099 
5.550000000000001 0.8564937841401237 
5.65 0.8741388682812556 
5.75 0.8859102591948163 
5.8500000000000005 0.8909714583947033 
5.95 0.8868600990534573 
6.050000000000001 0.8789724547103165 
6.15 0.8670959180506824 
6.25 0.8642148166943816 
6.3500000000000005 0.8539734882254996 
6.45 0.8499936980921075 
6.550000000000001 0.8463031667880303 
6.65 0.8467295023371341 
6.75 0.8514941695863272 
6.8500000000000005 0.8578841745295367 
6.95 0.8681575638841358 
7.050000000000001 0.8826515289378932 
7.15 0.901516924522628 
7.25 0.9238566905689485 
7.3500000000000005 0.9432911475538337 
7.45 0.9587108078017842 
7.550000000000001 0.9691052364732912 
7.65 0.9768202802585262 
7.75 0.980419914500565 
7.8500000000000005 0.9836324352207424 
7.95 0.9790196403205715 
8.05 0.9777705683577244 
8.15 0.9774808924455058 
8.25 0.9739000459198599 
8.35 0.9706208637151971 
8.450000000000001 0.9674526844766905 
8.55 0.9640959001000604 
8.65 0.9581354779014214 
8.75 0.9566988285654648 
8.85 0.9543015526478748 
8.950000000000001 0.9542031999440022 
9.05 0.9551228604981551 
9.15 0.9567300367036988 
9.25 0.9592506164195818 
9.35 0.9641244582603926 
9.450000000000001 0.9668063046313379 
9.55 0.9703544025439237 
9.65 0.9722354390023648 
9.75 0.9754481305596359 
9.850000000000001 0.9774864774584592 
9.950000000000001 0.9817510608122765 
10.05 0.9850424141559274 
10.15 0.9882628728501108 
10.25 0.9922346453954943 
10.350000000000001 0.993516829199729 
10.450000000000001 0.994313350116141 
10.55 0.9983539168074527 
10.65 0.9980742262793689 
10.75 0.9995621264967931 
10.850000000000001 1.0020119765115811 
10.950000000000001 1.003544794378836 
11.05 1.0055570920358012 
11.15 1.0078498171276133 
11.25 1.0090053831971402 
11.350000000000001 1.0097685166857204 
11.450000000000001 1.0116484007512494 
11.55 1.0123423830692189 
11.65 1.0126114026495574 
11.75 1.0130918510985076 
11.850000000000001 1.0132361733970414 
11.950000000000001 1.0127382263200606 
12.05 1.011403807029452 
12.15 1.0091344631730026 
12.25 1.0082845358014467 
12.350000000000001 1.004221603594351 
12.450000000000001 1.004472960713658 
12.55 1.0025246031932942 
12.65 1.0028899257408255 
12.75 1.0023259958475021 
12.850000000000001 1.0014178177818254 
12.950000000000001 1.0015719689186817 
13.05 1.001812342027949 
13.15 1.001551244384611 
13.25 1.0008577702062598 
13.350000000000001 1.0006439564405445 
13.450000000000001 1.0014812551658006 
13.55 1.00225008987815 
13.65 1.0037009115242994 
13.75 1.004139658236664 
13.850000000000001 1.004594959946677 
13.950000000000001 1.0048391058578336 
14.05 1.0051006261409108 
14.15 1.0061005116717194 
14.25 1.00610703331089 
14.350000000000001 1.0058089037662032 
14.450000000000001 1.0062256793223732 
14.55 1.0066410703225073 
14.65 1.0063782734801758 
14.75 1.005647402509697 
14.850000000000001 1.0059739715675575 
14.950000000000001 1.0053370718846237 
15.05 1.0045648176377897 
