0.05 0.0 
0.15000000000000002 0.0 
0.25 0.0 
0.35000000000000003 0.0 
0.45 0.0 
0.55 0.0 
0.65 0.0 
0.75 0.0 
0.8500000000000001 0.0 
0.9500000000000001 0.0 
1.05 0.0 
1.1500000000000001 0.0 
1.25 0.0 
1.35 3.245305501740028e-5 
1.4500000000000002 0.0013628391426312718 
1.55 0.011642122769148161 
1.6500000000000001 0.0473574397407414 
1.75 0.11603290000715404 
1.85 0.2083891347051007 
1.9500000000000002 0.30527492808021783 
2.0500000000000003 0.378995003136758 
2.15 0.4344746074292513 
2.25 0.46464065282443295 
2.35 0.4811015820648967 
2.45 0.4969105901707582 
2.5500000000000003 0.508018652660708 
2.6500000000000004 0.5220624529039143 
2.75 0.532122616769533 
2.85 0.5428615053869594 
2.95 0.550949928838747 
3.0500000000000003 0.55785404640187 
3.1500000000000004 0.5648284508495508 
3.25 0.5729530229684053 
3.35 0.5831719170935358 
3.45 0.5896715485047028 
3.5500000000000003 0.5906788469840849 
3.6500000000000004 0.5922399839618409 
3.75 0.5900539588241134 
3.85 0.5928031916447652 
3.95 0.5976146764627165 
4.05 0.6044892505508679 
4.15 0.6150608823365967 
4.25 0.6287768990623104 
4.3500000000000005 0.6431767878003806 
4.45 0.6575001150289245 
4.55 0.6701974171872566 
4.65 0.6829122919701702 
4.75 0.6965485163294063 
4.8500000000000005 0.7127721376088246 
4.95 0.7294008070463565 
5.050000000000001 0.7439848767392957 
5.15 0.7578572252275538 
5.25 0.7689520983495786 
5.3500000000000005 0.7817150651194813 
5.45 0.7967857606133023 
5.550000000000001 0.8108209331733586 
5.65 0.8192297159502763 
5.75 0.8288763666563514 
5.8500000000000005 0.8361708019980364 
5.95 0.8440813277476903 
6.050000000000001 0.8490727853436154 
6.15 0.8548345950728545 
6.25 0.8598355492495174 
6.3500000000000005 0.8646743535278719 
6.45 0.8703613348131027 
6.550000000000001 0.8758511307965485 
6.65 0.8816917392361184 
6.75 0.8877523528367391 
6.8500000000000005 0.8954500695831348 
6.95 0.9020429642418581 
7.050000000000001 0.9121016827944988 
7.15 0.9210948953529104 
7.25 0.9301424304345747 
7.3500000000000005 0.9378530567165321 
7.45 0.9471151319646398 
7.550000000000001 0.9532744672037105 
7.65 0.9588738119001926 
7.75 0.9623366733244837 
7.8500000000000005 0.9654740755918466 
7.95 0.9677114964661738 
8.05 0.9689882056653997 
8.15 0.9687132946311134 
8.25 0.9682098713826224 
8.35 0.9683725062944061 
8.450000000000001 0.9679617601623391 
8.55 0.9681473834742307 
8.65 0.968435412789558 
8.75 0.9673857928432833 
8.85 0.9683865842885058 
8.950000000000001 0.9687904078488029 
9.05 0.9702910242831569 
9.15 0.9703581126528342 
9.25 0.9724650623200299 
9.35 0.9717785176374012 
9.450000000000001 0.9736970718846759 
9.55 0.9746446605569645 
9.65 0.9769834973711798 
9.75 0.9782454215014732 
9.850000000000001 0.9790156434161092 
9.950000000000001 0.9814379369710543 
10.05 0.9840569455129237 
10.15 0.9865280623232832 
10.25 0.9895872860217257 
10.350000000000001 0.9918481125659595 
10.450000000000001 0.9940206934048268 
10.55 0.9969197903148278 
10.65 0.99972699345198 
10.75 1.0006632706706262 
10.850000000000001 1.0035317703188533 
10.950000000000001 1.005193670512434 
11.05 1.0067191728222582 
11.15 1.0081277839150358 
11.25 1.0085495689243864 
11.350000000000001 1.008233787434918 
11.450000000000001 1.0084921464540095 
11.55 1.0088654851790064 
11.65 1.0075522686436063 
11.75 1.0079019538336726 
11.850000000000001 1.0081273025625304 
11.950000000000001 1.00721533500461 
12.05 1.0072034996718304 
12.15 1.0064112218130645 
12.25 1.0060787815697672 
12.350000000000001 1.006437670440482 
12.450000000000001 1.0045425949352345 
12.55 1.0050125753021195 
12.65 1.0051283248563152 
12.75 1.0035917064557403 
12.850000000000001 1.0032862616283869 
12.950000000000001 1.0038246892160752 
13.05 1.0035319059096957 
13.15 1.003031249894861 
13.25 1.002505733310946 
13.350000000000001 1.0024576557728855 
13.450000000000001 1.0030563645246449 
13.55 1.0040441203842512 
13.65 1.0031842591616509 
13.75 1.0028529866116522 
13.850000000000001 1.0033966254473432 
13.950000000000001 1.003220581447205 
14.05 1.003662152269344 
14.15 1.0037250439314327 
14.25 1.0042857898713315 
14.350000000000001 1.0042856483066878 
14.450000000000001 1.0043797985264058 
14.55 1.0048640999516656 
14.65 1.004982385492535 
14.75 1.0050472918370836 
14.850000000000001 1.0047205491615603 
14.950000000000001 1.005704976242208 
15.05 1.0048926448905624 
